2
15
53
60
33
25
69
84
12
93
90
7
18
13
27
58
10
31
97
43
33
22
36
52
48
52
99
82
55
80
24
13
85
44
4
99
12
49
2
50
88
18
51
38
84
30
98
35
27
96
83
89
10
101
93
94
27
39
70
60
45
4
80
98
66
53
22
100
46
35
47
31
48
71
91
1
92
22
28
59
81
82
82
43
72
40
51
95
63
7
66
44
15
3
5
89
99
76
9
83
42
38
95
61
16
51
75
82
34
96
99
6
33
45
44
36
30
19
73
31
46
54
79
2
87
22
53
57
2
101
88
85
63
27
40
47
36
73
15
98
83
50
30
35
70
23
71
7
64
17
90
58
94
95
73
54
9
5
36
7
4
24
86
6
21
43
87
72
20
36
60
101
73
90
98
85
75
1
7
94
95
41
49
70
53
78
28
2
34
28
59
54
77
19
10
42
22
4
76
31
89
41
5
45
19
24
37
71
15
38
21
58
43
34
49
56
54
59
79
78
93
51
70
41
16
26
84
27
65
9
101
40
68
50
89
53
66
95
62
50
33
83
97
58
66
13
66
5
77
86
18
74
81
61
8
44
72
26
43
28
53
26
85
32
44
95
70
57
25
39
17
80
77
33
25
47
66
69
57
97
25
44
71
66
101
31
62
74
50
52
39
17
57
67
60
100
5
13
23
2
40
97
56
35
1
65
49
20
28
48
20
17
4
30
17
30
85
13
35
4
76
67
90
8
63
69
44
82
7
54
73
51
15
100
22
71
6
88
96
31
87
7
38
36
49
6
87
95
99
62
56
71
89
48
100
55
86
32
36
15
5
7
60
74
101
42
78
11
65
60
76
27
13
5
73
79
41
20
3
74
79
41
23
78
30
56
25
82
91
31
50
89
28
38
35
81
7
25
50
27
42
5
53
86
20
101
28
5
25
6
67
17
29
30
36
18
46
49
60
6
35
93
66
15
58
25
66
100
94
87
10
59
73
99
64
39
52
6
33
42
92
44
51
37
23
97
71
13
63
70
18
57
6
78
8
54
28
83
9
42
49
82
47
87
14
33
85
91
72
8
91
55
55
94
53
99
87
16
62
64
1
25
93
2
86
91
15
9
76
81
50
89
41
70
61
57
3
52
88
42
83
23
58
41
85
33
94
55
28
38
94
18
9
7
36
60
86
68
28
6
39
23
62
59
59
90
86
88
16
6
63
9
85
48
24
93
56
33
10
61
15
47
20
40
65
45
95
4
9
30
12
25
70
17
12
37
11
36
46
100
54
82
18
77
72
76
98
30
2
80
44
90
88
78
39
42
36
19
42
81
78
34
36
100
10
89
55
26
94
67
95
4
4
73
19
101
6
60
49
78
30
61
100
21
52
44
69
2
60
80
34
96
88
40
13
80
90
48
21
17
44
10
14
35
76
18
71
36
77
23
79
45
23
12
74
34
25
64
7
56
41
18
30
5
74
39
95
59
11
51
93
83
11
31
65
45
97
52
1
5
61
51
17
17
43
24
26
6
19
42
79
36
74
67
41
54
67
10
55
68
38
26
11
1
95
90
26
56
2
26
50
4
17
63
77
60
86
33
83
28
58
8
100
59
15
30
18
27
49
38
28
58
40
26
68
8
96
7
82
5
15
95
81
91
75
27
37
84
36
43
99
40
49
52
91
2
16
60
16
52
23
57
55
50
93
10
88
61
84
70
46
35
45
20
50
54
67
58
36
98
7
60
23
90
98
1
62
98
98
94
33
73
16
1
21
1
95
40
77
40
62
85
52
45
1
101
72
15
73
10
36
45
4
91
98
28
15
61
59
76
17
57
95
97
59
56
16
46
81
13
39
8
77
58
25
33
93
44
82
24
49
4
48
98
68
2
38
90
3
20
21
35
35
98
98
82
49
15
4
78
100
15
84
90
30
18
40
71
54
19
1
100
56
1
52
99
1
96
31
18
72
78
79
9
19
88
78
79
94
34
69
22
34
29
45
74
75
39
72
32
19
74
33
42
74
90
9
78
77
29
64
96
49
81
89
80
12
26
26
5
67
79
87
42
52
91
1
3
57
86
48
34
28
84
32
85
18
100
16
6
41
82
76
78
74
18
95
30
14
52
53
86
95
44
60
54
57
20
71
90
20
71
98
78
44
42
54
82
50
30
1
12
86
21
12
13
77
74
64
87
21
66
2
20
31
89
70
8
57
49
41
96
20
77
40
20
4
65
77
62
42
71
25
89
16
60
18
48
53
101
10
87
43
34
52
55
78
94
22
25
